X:
   0.046
   0.001
   0.009
   0.046
   0.004
   0.005
   0.072
   0.001
   0.004
   0.072
   0.004
   0.005
Fe:
  24.497     5.376    65.503    -2.590    19.680    12.590  
 -14.944   -27.087   -25.056    -0.320     2.590   -19.680  
 -21.773     3.393   -62.254   -19.661    19.661   -41.061  
 -24.497    -5.376   -65.503     2.590   -19.680   -12.590  
  14.944   -52.913    25.056     0.320   -12.590    19.680  
 -67.893    99.912   -88.080    18.381    41.061   -37.659  
