X:
   0.423
  -0.017
   0.137
   1.136
  -0.017
   0.145
   1.752
  -0.003
   0.089
   1.999
   0.020
   0.041
   2.112
   0.038
   0.019
   2.187
   0.058
   0.020
   2.277
   0.074
   0.051
   2.266
   0.230
  -0.012
   2.199
   0.214
   0.019
   2.112
   0.194
   0.023
   1.998
   0.172
   0.031
   1.740
   0.147
   0.091
   1.132
   0.113
   0.145
   0.422
   0.065
   0.125
Fe:
 -43.745     0.229    36.334    56.400    46.691    49.897    39.980    14.787    40.020    50.103    53.309    63.600    83.666   119.771   163.745     0.530    -0.157   -45.336     1.880     0.945   -14.170  
 -41.522   -42.051   -41.894     3.442     1.562     0.617    14.787   -39.980   -14.787    -0.617    -1.562    -3.442   -38.106   -47.949   -48.478    43.974    36.105    20.066    -9.710     3.207    -9.918  
-134.590   -86.757   -62.903    24.867    11.477     0.724    17.826   -41.322   -41.485    -2.568    -6.247   -29.367   -96.321   -88.387   -50.127   118.253   144.350    79.808    -0.379     4.504   -19.570  
  43.745    -0.229   -36.334   -56.400   -46.691   -49.897   -39.980   -14.787   -40.020   -50.103   -53.309   -63.600   -83.666  -119.771  -163.745    -0.530    -9.843   -34.664    -1.880    -0.945    14.170  
  41.522    42.051    41.894    -3.442    -1.562    -0.617   -14.787   -40.020    14.787     0.617     1.562     3.442    38.106    47.949    48.478   -43.974   -36.105   -20.066   -10.290    -3.207   -10.082  
 -31.496   -81.447  -104.674   -11.098    -5.229     1.745    41.322    41.485   -17.662     0.099    -0.001    15.599   -56.102  -103.409  -143.787   153.536   144.489    80.722    29.369     6.148    20.230  
