#²âÊÔÒ»

jd:0,0,0,0,0
jd:0,4,1,2,3
jd:0,8,4,5,6
jd:0,12,7,8,9
jd:0,16,10,11,12
jd:0,20,13,14,15
jd:0,24,16,17,18
jd:0,28,19,20,21
jd:8,28,22,23,24
jd:8,24,25,26,27
jd:8,20,28,29,30
jd:8,16,31,32,33
jd:8,12,34,35,36
jd:8,8,37,38,39
jd:8,4,40,41,42
jd:8,0,0,0,0

dy:1,2,10000,1500
dy:2,3,10000,1500
dy:3,4,10000,1500
dy:4,5,10000,1500
dy:5,6,10000,1500
dy:6,7,10000,1500
dy:7,8,10000,1500
dy:8,9,10000,1500
dy:9,10,10000,1500
dy:10,11,10000,1500
dy:11,12,10000,1500
dy:12,13,10000,1500
dy:13,14,10000,1500
dy:14,15,10000,1500
dy:15,16,10000,1500
dy:2,15,10000,1500
dy:3,14,10000,1500
dy:4,13,10000,1500
dy:5,12,10000,1500
dy:6,11,10000,1500
dy:7,10,10000,1500

hz:2,16,7,20,4
hz:2,17,6,10,4
hz:2,18,5,20,4
hz:2,19,4,10,4
hz:2,20,3,15,4
hz:2,21,2,20,4
hz:2,8,1,10,8